0000000000000000000000000000
0000000000000000000000000000
0000000000000000000000000000
0000000000000000000000000000
0000000000000000000000000000
0000000000000000000000000000
0000000000000000000000000000
0000000000000000000000000000
0000000000001111110000000000
0000000000001111111000000000
0000010000011111111100000000
0000110000111000011100000000
0000110000110000001110000000
0001110000110000001111100000
0001100001110000011111110000
0001110001110000111111110000
0001111001110011111110111000
0000111111111111111100111000
0000001111111111011000011000
0000001111111110000000011000
0000000000000000000000010000
0000000000000000000000000000
0000000000000000000000000000
0000000000000000000000000000
0000000000000000000000000000
0000000000000000000000000000
0000000000000000000000000000
0000000000000000000000000000