0010100010010100011110001110
0001001010111110001010101101
0111000001001011011111101010
1010001001101010110110111110
0100001100100111101001010101
1010111001000101000001111011
0010100101011011110000100011
1101101100000101011011111101
1101100001101000111111101110
1010111100011100011110101000
1000111110011011001101100010
1111011000001001001011111110
1001111001001111011110010001
1010001011001010011000001011
0001001100001000001110111000
0001001000000000100100010010
1010101100100111011100011111
0010101010010100010101011000
1100011011011011110011000110
1101000001110011101101000101
1011111100001100011000011100
1000111000100010110001101101
1100101101110010100101111011
0100101100100111101000000001
0010011010000101001000111101
1110111101111111101001100000
1010010100100101000011110010
0100100001101110000101011101