0000000000000000000000000000
0000000000000000000000000000
0000000000000000000000000000
0000000000000000011000000000
0000000001111111111111111100
0000000001111000000000011100
0000000000000000000001111000
0000000000000000000111100000
0000000000000011111000000000
0000000000001111100000000000
0000000111111000000000000000
0000001111111111000000000000
0000000000001111111111100000
0000000000000000000000111000
0000000000000000000000001100
0000000000000000000000111100
0000000000000000000111110000
0000000000000001111100000000
0000000000011111000000000000
0000000111111000000000000000
0000111110000000000000000000
0011100000000000000000000000
0010000000000000000000000000
0010000000000000000000000000
0000000000000000000000000000
0000000000000000000000000000
0000000000000000000000000000
0000000000000000000000000000