0000000000001100000000000000
0000000000011100000000000000
0000000000111000001010000000
0000000001110000011011000000
0000000001110000110011100000
0000000011100000100011100000
0000000111000001000011100000
0000000111000011000001100000
0000000110000010000001100000
0000000110000110000001100000
0000000110001100000001100000
0000000110011100000001100000
0000000110011000000001000000
0000001100110000000001000000
0000001111110000000011000000
0000001111100000000011000000
0000001111000000000011000000
0000011110000000000011000000
0000011110000000000011000000
0000111110000000000011100000
0000111110000000000011110000
0001111110000000000001111000
0001111110000000000000111000
0001111110000000000000111000
0001001110000000000001110000
0000001100000000000011000000
0000001100000000000110000000
0000001000000000000100000000